X: 0.3542828
Y: 0.3338964